                     Gender         Age      Country       Origin         Job     Jobtype    WorkHours   Transport  CommuteDist
Gender           1.00000000  0.26416636 -0.124963477  0.020565453  0.17104682  0.16809037  0.068300109  0.02006539  0.054619539
Age              0.26416636  1.00000000 -0.222995128 -0.261115838  0.51819724  0.65945470  0.071325117  0.08950935  0.053307167
Country         -0.12496348 -0.22299513  1.000000000  0.582241014 -0.22252251 -0.19583124 -0.146473372  0.20935872 -0.040064956
Origin           0.02056545 -0.26111584  0.582241014  1.000000000 -0.26583215 -0.16169979 -0.225429034  0.27413168 -0.075660559
Job              0.17104682  0.51819724 -0.222522512 -0.265832153  1.00000000  0.66540879  0.378128350  0.09475686  0.131829262
Jobtype          0.16809037  0.65945470 -0.195831243 -0.161699795  0.66540879  1.00000000  0.120510115  0.18408436  0.112367393
WorkHours        0.06830011  0.07132512 -0.146473372 -0.225429034  0.37812835  0.12051012  1.000000000 -0.09126536  0.194225346
Transport        0.02006539  0.08950935  0.209358718  0.274131681  0.09475686  0.18408436 -0.091265357  1.00000000 -0.014153112
CommuteDist      0.05461954  0.05330717 -0.040064956 -0.075660559  0.13182926  0.11236739  0.194225346 -0.01415311  1.000000000
Income          -0.04596967  0.60502485 -0.229968974 -0.207005036  0.57388457  0.59383596  0.366241113  0.16655695  0.236763399
Bikeown         -0.12155300 -0.02771036 -0.191245768 -0.266863417  0.06180324 -0.02117424  0.145772962 -0.36088867 -0.015648318
Car              0.12017628  0.66068639 -0.098571257 -0.134134357  0.53462102  0.63344733  0.246603974  0.15939055  0.163592644
Bikelease       -0.24696919 -0.26626608  0.044893807  0.212016199 -0.33120201 -0.36130826 -0.132548987 -0.07259366 -0.134292832
Bikeshare       -0.08113817 -0.42514093 -0.035971460 -0.002040758 -0.19924688 -0.35445738  0.043491781 -0.12218334  0.080777115
SharingLocPref  -0.17565839 -0.24872745  0.020757934 -0.085033900 -0.13278034 -0.24120570  0.047647709 -0.15649324 -0.007360072
DepotDist        0.02123669  0.13264030  0.176081075  0.035824430  0.06361366  0.05051767 -0.030220260  0.06972432  0.192727458
DepotInStation  -0.11462999 -0.25448622 -0.056819754 -0.092955113 -0.17788869 -0.16901649 -0.047878143 -0.11708558 -0.087301031
Neighbourhood01  0.02982972  0.33446106 -0.092622333 -0.230826911  0.02154985  0.11975644  0.015419280  0.11091262 -0.121900571
Openness        -0.17592320 -0.29502529  0.173798220  0.172164852 -0.17793109 -0.10510472 -0.148081540 -0.11437066  0.013698300
Neuroticism     -0.10021975  0.16498622 -0.161933355 -0.166515677  0.12623665  0.20497029  0.071460210 -0.11595330 -0.016592200
Sharing         -0.02426604 -0.35261267 -0.002239012  0.078182850 -0.27855852 -0.38994297 -0.003066558 -0.12457309 -0.023340044
                      Income      Bikeown         Car   Bikelease    Bikeshare SharingLocPref    DepotDist DepotInStation Neighbourhood01
Gender          -0.045969672 -0.121553003  0.12017628 -0.24696919 -0.081138166   -0.175658389  0.021236689    -0.11462999      0.02982972
Age              0.605024855 -0.027710358  0.66068639 -0.26626608 -0.425140934   -0.248727448  0.132640296    -0.25448622      0.33446106
Country         -0.229968974 -0.191245768 -0.09857126  0.04489381 -0.035971460    0.020757934  0.176081075    -0.05681975     -0.09262233
Origin          -0.207005036 -0.266863417 -0.13413436  0.21201620 -0.002040758   -0.085033900  0.035824430    -0.09295511     -0.23082691
Job              0.573884570  0.061803241  0.53462102 -0.33120201 -0.199246879   -0.132780337  0.063613664    -0.17788869      0.02154985
Jobtype          0.593835962 -0.021174238  0.63344733 -0.36130826 -0.354457382   -0.241205698  0.050517666    -0.16901649      0.11975644
WorkHours        0.366241113  0.145772962  0.24660397 -0.13254899  0.043491781    0.047647709 -0.030220260    -0.04787814      0.01541928
Transport        0.166556952 -0.360888674  0.15939055 -0.07259366 -0.122183339   -0.156493239  0.069724317    -0.11708558      0.11091262
CommuteDist      0.236763399 -0.015648318  0.16359264 -0.13429283  0.080777115   -0.007360072  0.192727458    -0.08730103     -0.12190057
Income           1.000000000  0.107561444  0.57376073 -0.20596929 -0.305065302   -0.095722434 -0.008249753    -0.18791356      0.17482477
Bikeown          0.107561444  1.000000000 -0.08552062 -0.01227190  0.273184842    0.231982976 -0.003623165     0.17580321      0.07285887
Car              0.573760733 -0.085520617  1.00000000 -0.24517001 -0.425056270   -0.183971359  0.238989693    -0.30678105      0.25090572
Bikelease       -0.205969293 -0.012271904 -0.24517001  1.00000000  0.152643935    0.151216608 -0.136000854    -0.10757354      0.08455237
Bikeshare       -0.305065302  0.273184842 -0.42505627  0.15264394  1.000000000    0.276989816 -0.040968346     0.21102673     -0.22649042
SharingLocPref  -0.095722434  0.231982976 -0.18397136  0.15121661  0.276989816    1.000000000 -0.025144597     0.08910476     -0.04062087
DepotDist       -0.008249753 -0.003623165  0.23898969 -0.13600085 -0.040968346   -0.025144597  1.000000000    -0.06181321     -0.05619126
DepotInStation  -0.187913559  0.175803211 -0.30678105 -0.10757354  0.211026727    0.089104762 -0.061813208     1.00000000     -0.13353992
Neighbourhood01  0.174824765  0.072858867  0.25090572  0.08455237 -0.226490422   -0.040620869 -0.056191260    -0.13353992      1.00000000
Openness        -0.198945185  0.089904022 -0.22829959  0.16252106  0.262874693    0.047359266  0.160717591     0.16280209     -0.12515164
Neuroticism      0.179777179  0.086645717  0.13101863 -0.19945549  0.076463316   -0.122220427  0.023293534    -0.03752531      0.04174423
Sharing         -0.392677525  0.055546893 -0.43808770  0.23022109  0.438808763    0.204001853 -0.096761280     0.28503326     -0.12765395
                   Openness Neuroticism      Sharing
Gender          -0.17592320 -0.10021975 -0.024266037
Age             -0.29502529  0.16498622 -0.352612669
Country          0.17379822 -0.16193336 -0.002239012
Origin           0.17216485 -0.16651568  0.078182850
Job             -0.17793109  0.12623665 -0.278558518
Jobtype         -0.10510472  0.20497029 -0.389942967
WorkHours       -0.14808154  0.07146021 -0.003066558
Transport       -0.11437066 -0.11595330 -0.124573090
CommuteDist      0.01369830 -0.01659220 -0.023340044
Income          -0.19894519  0.17977718 -0.392677525
Bikeown          0.08990402  0.08664572  0.055546893
Car             -0.22829959  0.13101863 -0.438087697
Bikelease        0.16252106 -0.19945549  0.230221089
Bikeshare        0.26287469  0.07646332  0.438808763
SharingLocPref   0.04735927 -0.12222043  0.204001853
DepotDist        0.16071759  0.02329353 -0.096761280
DepotInStation   0.16280209 -0.03752531  0.285033264
Neighbourhood01 -0.12515164  0.04174423 -0.127653954
Openness         1.00000000  0.14508873  0.247781573
Neuroticism      0.14508873  1.00000000 -0.152812403
Sharing          0.24778157 -0.15281240  1.000000000
